  0.765993834  38.7734985
  1.21285355  40.1233521
  1.39690888  40.65905
  3.6332655  43.9642792
  0.0104982071  28.4651985
  0.87994504  39.2135849
  0.0533711351  31.967865
  0.138812646  34.2263527
  0.248324767  35.6751366
  1.6853435  41.2894325
  0.209460363  35.1906281
  0.121151075  33.7963982
  0.182255059  34.8273125
  0.0147011383  29.2080402
  0.56128633  37.8587494
  0.832799971  39.1475334
  0.169358388  34.8214645
  0.273463994  35.9936638
  0.553711534  37.8988457
  0.394675285  36.8459549
  1.23749673  40.2581215
  0.0183925033  29.8812962
  0.31129989  36.086483
  0.162837863  34.646431
  0.0767017752  32.8257637
  0.0125033632  28.7307072
  0.0913860053  33.2968788
  0.00327519025  25.8313122
  2.3847034  42.3317909
  0.441208392  37.1628227
  0.236146584  35.4282379
  0.177208692  34.7923775
  0.579198897  37.9215927
  0.036265377  31.0937424
  0.128770843  34.1641502
  0.190571204  35.0435638
  1.53994548  40.9759865
  0.514431298  37.5405693
  1.56183934  40.8446465
  0.138899833  34.2807617
  1.48899651  40.9017067
  0.971086979  39.564209
  0.514545858  37.6062431
  0.624028265  38.025074
  0.0298864059  30.7528858
  1.79981184  41.5758896
  0.0493469574  31.9246578
  0.383927256  36.7614784
  0.106756955  33.5257416
  0.359709859  36.6674271
  0.454885751  37.3132935
  0.320299476  36.2726364
  0.277028918  35.7108116
  0.374828488  36.3645668
  0.11886654  33.6076355
  0.0394211635  31.3517857
  0.428591371  36.9636955
  0.557652354  37.9581375
  0.316479832  36.3957596
  0.129676819  34.0184937
  0.082023114  33.1175423
  0.15567717  34.3825417
  0.850163102  39.2356987
  0.281034261  36.0752716
  0.836965978  38.9659691
  0.114294603  33.7822113
  0.392452985  36.8170052
  0.0758699477  32.8620491
  0.0219984502  30.1636829
  1.35823202  40.6265335
  0.130286291  33.896019
  0.511277139  37.4621506
  0.276634127  36.0877075
  0.0250352006  30.0825481
  0.0986483321  33.5073814
  0.477823466  37.5275116
  0.606069744  37.9963722
  0.573448241  37.8065262
  0.271930724  35.8838234
  0.699002504  38.4170532
  0.864868701  39.0766487
  0.681130886  38.1606216
  0.362656593  36.4252129
  0.249421805  35.7911224
  0.762773931  38.7414017
  0.706823707  38.4972038
  0.242175013  35.5898552
  0.705165446  38.5822601
  0.0777672753  32.787159
  0.776216865  38.7674026
  0.941638649  39.3423004
  0.981266677  39.3670273
  0.134801894  34.0205345
  0.227565795  35.3598251
  1.27007341  40.3754387
  0.00822289102  27.8393669
  0.972733915  39.2893753
  0.105213143  33.6359787
  1.38837326  40.4555702
  0.140009671  34.1312523
